Genes/Lines	ANAC015-OE	ANT-OE	ERF072-OE	KNAT1-OE	LBD3-OE	LBD4-OE	MYB87-OE	PTL-OE	RAS1-OE	SCL7-OE	SVP-OE	WOX4-OE	WOX14-OE
ANAC015	1409.00	1.60	0.87	0.99	0.91	6.74	0.94	1.06	1.03	1.00	1.15	0.24	1.25
ANT	0.54	21.81	1.02	1.17	0.76	1.64	1.57	0.81	0.71	1.07	1.07	2.10	1.32
ERF072	0.70	0.68	1870.00	0.56	0.50	0.88	1.08	1.78	0.30	1.12	0.66	1.78	0.82
KNAT1	1.94	1.08	1.22	41.08	1.09	1.79	1.33	1.51	1.35	1.66	1.45	1.13	1.79
LBD3	0.37	0.79	1.05	0.93	36.18	1.12	1.02	0.11	0.63	0.42	0.89	1.73	1.16
LBD4	0.86	0.74	0.87	1.58	1.04	63.48	1.15	2.09	0.63	0.55	1.18	1.41	1.58
MYB87	1.01	1.90	3.39	2.38	1.22	0.89	766.20	7.91	8.24	16.86	2.12	10.45	1.24
PTL	0.53	0.89	0.94	1.36	0.94	2.07	1.25	1592.00	0.80	0.88	0.90	1.29	1.41
RAS1	5.18	0.65	1.87	2.08	1.55	1.02	2.35	2.03	507.20	3.06	1.80	4.11	1.43
SCL7	2.14	1.21	1.41	1.74	0.86	1.52	1.18	2.42	1.37	352.20	1.43	1.26	1.35
SVP	0.89	0.93	0.89	1.02	1.00	1.32	2.54	1.73	1.68	0.97	470.40	1.24	1.73
WOX4	0.59	1.08	1.25	1.76	1.11	1.28	1.03	2.48	0.57	0.61	1.11	284.50	1.10
WOX14	0.78	0.34	1.21	1.11	2.40	1.06	1.87	0.92	2.50	0.87	1.95	2.10	445.10
Genes/Lines	ANAC015-OE	ANT-OE	ERF072-OE	KNAT1-OE	LBD3-OE	LBD4-OE	MYB87-OE	PTL-OE	RAS1-OE	SCL7-OE	SVP-OE	WOX4-OE	WOX14-OE
ANAC015	0.0192	0.5715	0.6644	0.9505	0.7795	0.0020	0.7005	0.8316	0.6951	0.0029	0.5192	0.0445	0.2241
ANT	0.0414	0.0010	0.8465	0.1493	0.2373	0.1169	0.1220	0.5453	0.4129	0.2746	0.6811	0.0026	0.3228
ERF072	0.1169	0.4563	0.0001	0.1562	0.2254	0.4411	0.6506	0.1992	0.3043	0.5107	0.1696	0.2106	0.3335
KNAT1	0.0921	0.3828	0.0600	0.0227	0.5061	0.0838	0.3288	0.1032	0.2744	0.0001	0.0194	0.2803	0.0196
LBD3	0.0082	0.1691	0.6626	0.6403	0.0002	0.5558	0.7619	0.0004	0.0162	0.0006	0.2797	0.0111	0.3005
LBD4	0.4091	0.0755	0.1915	0.0015	0.7640	0.0068	0.6604	0.0317	0.0975	0.0137	0.3458	0.1356	0.1912
MYB87	0.9595	0.2099	0.1043	0.0180	0.4049	0.1977	0.0057	0.0076	0.0008	0.0023	0.0359	0.0010	0.5751
PTL	0.0881	0.1040	0.5274	0.1457	0.6489	0.0040	0.4038	0.0041	1.0	0.7548	0.5524	0.1074	0.0687
RAS1	0.3222	0.6661	0.0160	0.1543	0.0600	0.9708	0.4827	0.0318	0.0001	0.0001	0.0233	0.0482	0.5953
SCL7	0.2020	0.4010	0.2193	0.0186	0.1941	0.0836	0.6004	0.0043	0.1872	0.0000	0.1418	0.2164	0.0709
SVP	0.5021	0.5342	0.2307	0.8768	0.9889	0.1044	0.1887	0.0127	0.4733	0.8991	0.0001	0.4668	0.1384
WOX4	0.0338	0.7524	0.2374	0.4759	0.4924	0.0952	0.7854	0.0075	0.1869	0.0823	0.5902	0.0000	0.3461
WOX14	0.0676	0.3428	0.1051	0.6312	0.0880	0.8843	0.2164	0.6016	0.3581	0.3314	0.2636	0.0179	0.0007
